<!DOCTYPE HTML>
<html>
  <head>
    <meta charset="UTF-8">
    <title>Tomtom Results</title>
    <script>
      // @JSON_VAR data
      var data = {
        "program": "Tomtom",
        "version": "5.4.1",
        "release": "Sat Aug 21 19:23:23 2021 -0700",
        "cmd": [
          "tomtom", "-no-ssc", "-oc",
          "tomtom_results/Filters_motifs_filter_pwms.meme_res", "-verbosity",
          "1", "-min-overlap", "5", "-dist", "pearson", "-eps", "-evalue",
          "-thresh", "10.0", "Meme_files/Filters_motifs_filter_pwms.meme",
          "/home/home8/baderlab/asababi/softwares/meme-5.4.1/databases/motif_databases/RNA/Ray2013_rbp_All_Species.meme"
        ],
        "options": {
          "strands": "none",
          "distance_measure": "pearson",
          "threshold_type": "evalue",
          "threshold_value": 10,
          "background_source": "--query--"
        },
        "alphabet": {
          "name": "RNA",
          "like": "rna",
          "ncore": 4,
          "symbols": [
            {
              "symbol": "A",
              "name": "Adenine",
              "colour": "CC0000"
            }, {
              "symbol": "C",
              "name": "Cytosine",
              "colour": "0000CC"
            }, {
              "symbol": "G",
              "name": "Guanine",
              "colour": "FFB300"
            }, {
              "symbol": "U",
              "aliases": "T",
              "name": "Uracil",
              "colour": "008000"
            }, {
              "symbol": "N",
              "aliases": "X.",
              "name": "Any base",
              "equals": "ACGU"
            }, {
              "symbol": "V",
              "name": "Not U",
              "equals": "ACG"
            }, {
              "symbol": "H",
              "name": "Not G",
              "equals": "ACU"
            }, {
              "symbol": "D",
              "name": "Not C",
              "equals": "AGU"
            }, {
              "symbol": "B",
              "name": "Not A",
              "equals": "CGU"
            }, {
              "symbol": "M",
              "name": "Amino",
              "equals": "AC"
            }, {
              "symbol": "R",
              "name": "Purine",
              "equals": "AG"
            }, {
              "symbol": "W",
              "name": "Weak",
              "equals": "AU"
            }, {
              "symbol": "S",
              "name": "Strong",
              "equals": "CG"
            }, {
              "symbol": "Y",
              "name": "Pyrimidine",
              "equals": "CU"
            }, {
              "symbol": "K",
              "name": "Keto",
              "equals": "GU"
            }
          ]
        },
        "background": [0.25, 0.25, 0.25, 0.25],
        "query_dbs": [
          {
            "source": "Meme_files/Filters_motifs_filter_pwms.meme",
            "name": "Filters_motifs_filter_pwms",
            "loaded": 128,
            "excluded": 0,
            "last_modified": "Wed Apr 12 11:00:09 2023"
          }
        ],
        "target_dbs": [
          {
            "source": "/home/home8/baderlab/asababi/softwares/meme-5.4.1/databases/motif_databases/RNA/Ray2013_rbp_All_Species.meme",
            "name": "Ray2013_rbp_All_Species",
            "loaded": 244,
            "excluded": 0,
            "last_modified": "Tue Jan 18 16:33:56 2022"
          }
        ],
        "queries": [
          {
            "db": 0,
            "id": "filter_0",
            "len": 8,
            "nsites": 1,
            "pwm": [
              [0.286135, 0.0227273, 0.183442, 0.507696], 
              [0.0227273, 0.0227273, 0.65912, 0.295426], 
              [0.599825, 0.0227273, 0.35472, 0.0227273], 
              [0.0227273, 0.680617, 0.273929, 0.0227273], 
              [0.138893, 0.160043, 0.191498, 0.509565], 
              [0.464395, 0.172603, 0.0227273, 0.340274], 
              [0.0227273, 0.595463, 0.236887, 0.144922], 
              [0.0227273, 0.0227273, 0.460617, 0.493929]
            ]
          }, {
            "db": 0,
            "id": "filter_1",
            "len": 8,
            "nsites": 1,
            "pwm": [
              [0.0227273, 0.590713, 0.363832, 0.0227273], 
              [0.0227273, 0.0227273, 0.931818, 0.0227273], 
              [0.220706, 0.73384, 0.0227273, 0.0227273], 
              [0.0227273, 0.0227273, 0.931818, 0.0227273], 
              [0.0227273, 0.0227273, 0.931818, 0.0227273], 
              [0.0227273, 0.931818, 0.0227273, 0.0227273], 
              [0.0227273, 0.0227273, 0.931818, 0.0227273], 
              [0.0227273, 0.0227273, 0.931818, 0.0227273]
            ]
          }, {
            "db": 0,
            "id": "filter_10",
            "len": 8,
            "nsites": 1,
            "pwm": [
              [0.0227273, 0.0227273, 0.931818, 0.0227273], 
              [0.0227273, 0.0227273, 0.931818, 0.0227273], 
              [0.0227273, 0.0227273, 0.931818, 0.0227273], 
              [0.228357, 0.0227273, 0.726189, 0.0227273], 
              [0.931818, 0.0227273, 0.0227273, 0.0227273], 
              [0.931818, 0.0227273, 0.0227273, 0.0227273], 
              [0.75594, 0.0227273, 0.198605, 0.0227273], 
              [0.0227273, 0.0227273, 0.931818, 0.0227273]
            ]
          }, {
            "db": 0,
            "id": "filter_100",
            "len": 8,
            "nsites": 1,
            "pwm": [
              [0.0227273, 0.0227273, 0.931818, 0.0227273], 
              [0.0227273, 0.0227273, 0.632088, 0.322458], 
              [0.0227273, 0.0227273, 0.931818, 0.0227273], 
              [0.931818, 0.0227273, 0.0227273, 0.0227273], 
              [0.0227273, 0.0227273, 0.0227273, 0.931818], 
              [0.0227273, 0.0227273, 0.272777, 0.681768], 
              [0.0227273, 0.0227273, 0.19114, 0.763405], 
              [0.0227273, 0.0227273, 0.757866, 0.196679]
            ]
          }, {
            "db": 0,
            "id": "filter_101",
            "len": 8,
            "nsites": 1,
            "pwm": [
              [0.0227273, 0.0227273, 0.0227273, 0.931818], 
              [0.217727, 0.321799, 0.186873, 0.273601], 
              [0.0227273, 0.0227273, 0.0227273, 0.931818], 
              [0.0227273, 0.0227273, 0.0227273, 0.931818], 
              [0.0227273, 0.0227273, 0.374327, 0.580218], 
              [0.0227273, 0.0227273, 0.0227273, 0.931818], 
              [0.0227273, 0.0227273, 0.509269, 0.445276], 
              [0.0227273, 0.0227273, 0.931818, 0.0227273]
            ]
          }, {
            "db": 0,
            "id": "filter_102",
            "len": 8,
            "nsites": 1,
            "pwm": [
              [0.0227273, 0.628891, 0.1942, 0.154181], 
              [0.0227273, 0.931818, 0.0227273, 0.0227273], 
              [0.135942, 0.204428, 0.195551, 0.464079], 
              [0.139274, 0.526606, 0.0227273, 0.311393], 
              [0.213228, 0.0227273, 0.741318, 0.0227273], 
              [0.0227273, 0.614559, 0.0227273, 0.339987], 
              [0.419838, 0.298235, 0.0227273, 0.2592], 
              [0.0227273, 0.707206, 0.0227273, 0.247339]
            ]
          }, {
            "db": 0,
            "id": "filter_103",
            "len": 8,
            "nsites": 1,
            "pwm": [
              [0.0227273, 0.931818, 0.0227273, 0.0227273], 
              [0.25, 0.25, 0.25, 0.25], 
              [0.0227273, 0.931818, 0.0227273, 0.0227273], 
              [0.0227273, 0.931818, 0.0227273, 0.0227273], 
              [0.0227273, 0.0227273, 0.0227273, 0.931818], 
              [0.0227273, 0.931818, 0.0227273, 0.0227273], 
              [0.0227273, 0.931818, 0.0227273, 0.0227273], 
              [0.0227273, 0.931818, 0.0227273, 0.0227273]
            ]
          }, {
            "db": 0,
            "id": "filter_104",
            "len": 8,
            "nsites": 1,
            "pwm": [
              [0.0227273, 0.931818, 0.0227273, 0.0227273], 
              [0.0227273, 0.685509, 0.0227273, 0.269036], 
              [0.0227273, 0.311125, 0.190051, 0.476097], 
              [0.0227273, 0.435491, 0.344837, 0.196944], 
              [0.107693, 0.35303, 0.216627, 0.322649], 
              [0.0227273, 0.632849, 0.0227273, 0.321697], 
              [0.209485, 0.304462, 0.122183, 0.363871], 
              [0.147853, 0.0227273, 0.613284, 0.216136]
            ]
          }, {
            "db": 0,
            "id": "filter_105",
            "len": 8,
            "nsites": 1,
            "pwm": [
              [0.158989, 0.183274, 0.493097, 0.16464], 
              [0.814053, 0.140493, 0.0227273, 0.0227273], 
              [0.0227273, 0.185431, 0.258661, 0.533181], 
              [0.236465, 0.556385, 0.0227273, 0.184423], 
              [0.26684, 0.410023, 0.0227273, 0.30041], 
              [0.218792, 0.341924, 0.130153, 0.30913], 
              [0.320976, 0.190623, 0.110861, 0.377541], 
              [0.281164, 0.128223, 0.214808, 0.375805]
            ]
          }, {
            "db": 0,
            "id": "filter_106",
            "len": 8,
            "nsites": 1,
            "pwm": [
              [0.0227273, 0.11853, 0.531001, 0.327742], 
              [0.479413, 0.0227273, 0.145859, 0.352], 
              [0.207038, 0.0227273, 0.747508, 0.0227273], 
              [0.0227273, 0.776624, 0.0227273, 0.177922], 
              [0.142631, 0.477969, 0.0227273, 0.356673], 
              [0.253697, 0.0227273, 0.260258, 0.463318], 
              [0.131275, 0.321486, 0.201067, 0.346173], 
              [0.0227273, 0.931818, 0.0227273, 0.0227273]
            ]
          }, {
            "db": 0,
            "id": "filter_107",
            "len": 8,
            "nsites": 1,
            "pwm": [
              [0.25, 0.25, 0.25, 0.25], [0.25, 0.25, 0.25, 0.25], 
              [0.25, 0.25, 0.25, 0.25], [0.25, 0.25, 0.25, 0.25], 
              [0.25, 0.25, 0.25, 0.25], 
              [0.931818, 0.0227273, 0.0227273, 0.0227273], 
              [0.25, 0.25, 0.25, 0.25], [0.25, 0.25, 0.25, 0.25]
            ]
          }, {
            "db": 0,
            "id": "filter_108",
            "len": 8,
            "nsites": 1,
            "pwm": [
              [0.196374, 0.357513, 0.0227273, 0.423385], 
              [0.0227273, 0.0227273, 0.931818, 0.0227273], 
              [0.0227273, 0.0227273, 0.0227273, 0.931818], 
              [0.0227273, 0.0227273, 0.0227273, 0.931818], 
              [0.0227273, 0.931818, 0.0227273, 0.0227273], 
              [0.0227273, 0.0227273, 0.0227273, 0.931818], 
              [0.0227273, 0.345111, 0.45841, 0.173751], 
              [0.0227273, 0.0227273, 0.0227273, 0.931818]
            ]
          }, {
            "db": 0,
            "id": "filter_109",
            "len": 8,
            "nsites": 1,
            "pwm": [
              [0.424759, 0.0227273, 0.0227273, 0.529786], 
              [0.707777, 0.246768, 0.0227273, 0.0227273], 
              [0.931818, 0.0227273, 0.0227273, 0.0227273], 
              [0.931818, 0.0227273, 0.0227273, 0.0227273], 
              [0.931818, 0.0227273, 0.0227273, 0.0227273], 
              [0.931818, 0.0227273, 0.0227273, 0.0227273], 
              [0.931818, 0.0227273, 0.0227273, 0.0227273], 
              [0.931818, 0.0227273, 0.0227273, 0.0227273]
            ]
          }, {
            "db": 0,
            "id": "filter_11",
            "len": 8,
            "nsites": 1,
            "pwm": [
              [0.675825, 0.0227273, 0.0227273, 0.27872], 
              [0.931818, 0.0227273, 0.0227273, 0.0227273], 
              [0.632479, 0.0227273, 0.0227273, 0.322067], 
              [0.567692, 0.386854, 0.0227273, 0.0227273], 
              [0.26489, 0.351111, 0.0227273, 0.361271], 
              [0.0227273, 0.0227273, 0.210768, 0.743777], 
              [0.220122, 0.372371, 0.0227273, 0.38478], 
              [0.220492, 0.734053, 0.0227273, 0.0227273]
            ]
          }, {
            "db": 0,
            "id": "filter_110",
            "len": 8,
            "nsites": 1,
            "pwm": [
              [0.0227273, 0.266667, 0.687879, 0.0227273], 
              [0.0227273, 0.931818, 0.0227273, 0.0227273], 
              [0.931818, 0.0227273, 0.0227273, 0.0227273], 
              [0.0227273, 0.0227273, 0.931818, 0.0227273], 
              [0.0227273, 0.0227273, 0.0227273, 0.931818], 
              [0.670471, 0.284074, 0.0227273, 0.0227273], 
              [0.0227273, 0.451957, 0.502589, 0.0227273], 
              [0.931818, 0.0227273, 0.0227273, 0.0227273]
            ]
          }, {
            "db": 0,
            "id": "filter_111",
            "len": 8,
            "nsites": 1,
            "pwm": [
              [0.0227273, 0.255228, 0.699318, 0.0227273], 
              [0.0227273, 0.0227273, 0.232232, 0.722314], 
              [0.0227273, 0.174012, 0.780533, 0.0227273], 
              [0.37458, 0.0227273, 0.0227273, 0.579965], 
              [0.434838, 0.245988, 0.189924, 0.12925], 
              [0.65122, 0.303325, 0.0227273, 0.0227273], 
              [0.112244, 0.279701, 0.230317, 0.377738], 
              [0.403065, 0.358371, 0.215837, 0.0227273]
            ]
          }, {
            "db": 0,
            "id": "filter_112",
            "len": 8,
            "nsites": 1,
            "pwm": [
              [0.0227273, 0.0227273, 0.931818, 0.0227273], 
              [0.25, 0.25, 0.25, 0.25], 
              [0.0227273, 0.0227273, 0.390733, 0.563812], 
              [0.0227273, 0.0227273, 0.0227273, 0.931818], 
              [0.0227273, 0.0227273, 0.931818, 0.0227273], 
              [0.931818, 0.0227273, 0.0227273, 0.0227273], 
              [0.0227273, 0.0227273, 0.931818, 0.0227273], 
              [0.0227273, 0.0227273, 0.931818, 0.0227273]
            ]
          }, {
            "db": 0,
            "id": "filter_113",
            "len": 8,
            "nsites": 1,
            "pwm": [
              [0.124187, 0.202986, 0.293285, 0.379543], 
              [0.579339, 0.268446, 0.0227273, 0.129488], 
              [0.365428, 0.0227273, 0.589118, 0.0227273], 
              [0.144295, 0.220515, 0.0227273, 0.612463], 
              [0.241806, 0.274558, 0.0988954, 0.384741], 
              [0.336325, 0.428151, 0.212797, 0.0227273], 
              [0.27728, 0.249172, 0.323981, 0.149567], 
              [0.0227273, 0.0227273, 0.0227273, 0.931818]
            ]
          }, {
            "db": 0,
            "id": "filter_114",
            "len": 8,
            "nsites": 1,
            "pwm": [
              [0.0227273, 0.931818, 0.0227273, 0.0227273], 
              [0.0227273, 0.0227273, 0.0227273, 0.931818], 
              [0.0227273, 0.0227273, 0.931818, 0.0227273], 
              [0.0227273, 0.553419, 0.401126, 0.0227273], 
              [0.807639, 0.0227273, 0.146906, 0.0227273], 
              [0.527373, 0.198538, 0.0227273, 0.251361], 
              [0.284238, 0.320468, 0.277103, 0.11819], 
              [0.0227273, 0.135543, 0.331328, 0.510403]
            ]
          }, {
            "db": 0,
            "id": "filter_115",
            "len": 8,
            "nsites": 1,
            "pwm": [
              [0.0227273, 0.0227273, 0.931818, 0.0227273], 
              [0.0227273, 0.0227273, 0.931818, 0.0227273], 
              [0.0227273, 0.0227273, 0.931818, 0.0227273], 
              [0.0227273, 0.0227273, 0.931818, 0.0227273], 
              [0.0227273, 0.0227273, 0.931818, 0.0227273], 
              [0.0227273, 0.0227273, 0.931818, 0.0227273], 
              [0.0227273, 0.0227273, 0.931818, 0.0227273], 
              [0.25, 0.25, 0.25, 0.25]
            ]
          }, {
            "db": 0,
            "id": "filter_116",
            "len": 8,
            "nsites": 1,
            "pwm": [
              [0.0227273, 0.0227273, 0.0227273, 0.931818], 
              [0.0227273, 0.15156, 0.442414, 0.383298], 
              [0.25, 0.25, 0.25, 0.25], 
              [0.0227273, 0.353023, 0.0227273, 0.601523], 
              [0.25, 0.25, 0.25, 0.25], 
              [0.0227273, 0.287215, 0.0227273, 0.66733], 
              [0.0227273, 0.502365, 0.0227273, 0.452181], 
              [0.0227273, 0.931818, 0.0227273, 0.0227273]
            ]
          }, {
            "db": 0,
            "id": "filter_117",
            "len": 8,
            "nsites": 1,
            "pwm": [
              [0.352069, 0.0227273, 0.602477, 0.0227273], 
              [0.151281, 0.0227273, 0.803264, 0.0227273], 
              [0.25, 0.25, 0.25, 0.25], 
              [0.931818, 0.0227273, 0.0227273, 0.0227273], 
              [0.0227273, 0.380965, 0.339089, 0.257218], 
              [0.523568, 0.430977, 0.0227273, 0.0227273], 
              [0.314275, 0.247485, 0.18556, 0.252681], 
              [0.0227273, 0.180041, 0.0227273, 0.774505]
            ]
          }, {
            "db": 0,
            "id": "filter_118",
            "len": 8,
            "nsites": 1,
            "pwm": [
              [0.931818, 0.0227273, 0.0227273, 0.0227273], 
              [0.25, 0.25, 0.25, 0.25], 
              [0.0227273, 0.0227273, 0.931818, 0.0227273], 
              [0.931818, 0.0227273, 0.0227273, 0.0227273], 
              [0.931818, 0.0227273, 0.0227273, 0.0227273], 
              [0.931818, 0.0227273, 0.0227273, 0.0227273], 
              [0.931818, 0.0227273, 0.0227273, 0.0227273], 
              [0.175351, 0.0227273, 0.779195, 0.0227273]
            ]
          }, {
            "db": 0,
            "id": "filter_119",
            "len": 8,
            "nsites": 1,
            "pwm": [
              [0.0227273, 0.0227273, 0.0227273, 0.931818], 
              [0.0227273, 0.0227273, 0.0227273, 0.931818], 
              [0.0227273, 0.0227273, 0.0227273, 0.931818], 
              [0.0227273, 0.0227273, 0.0227273, 0.931818], 
              [0.0227273, 0.0227273, 0.0227273, 0.931818], 
              [0.326832, 0.0227273, 0.0227273, 0.627713], 
              [0.525911, 0.0227273, 0.0227273, 0.428635], 
              [0.931818, 0.0227273, 0.0227273, 0.0227273]
            ]
          }, {
            "db": 0,
            "id": "filter_12",
            "len": 8,
            "nsites": 1,
            "pwm": [
              [0.25, 0.25, 0.25, 0.25], [0.25, 0.25, 0.25, 0.25], 
              [0.25, 0.25, 0.25, 0.25], 
              [0.0227273, 0.0227273, 0.735169, 0.219376], 
              [0.25, 0.25, 0.25, 0.25], 
              [0.0227273, 0.0227273, 0.931818, 0.0227273], 
              [0.0227273, 0.0227273, 0.931818, 0.0227273], 
              [0.298828, 0.655718, 0.0227273, 0.0227273]
            ]
          }, {
            "db": 0,
            "id": "filter_120",
            "len": 8,
            "nsites": 1,
            "pwm": [
              [0.74269, 0.211856, 0.0227273, 0.0227273], 
              [0.416733, 0.161842, 0.274431, 0.146993], 
              [0.0227273, 0.931818, 0.0227273, 0.0227273], 
              [0.273953, 0.451745, 0.16289, 0.111413], 
              [0.716154, 0.238391, 0.0227273, 0.0227273], 
              [0.175669, 0.251527, 0.181333, 0.391471], 
              [0.284919, 0.203136, 0.282408, 0.229537], 
              [0.0227273, 0.931818, 0.0227273, 0.0227273]
            ]
          }, {
            "db": 0,
            "id": "filter_121",
            "len": 8,
            "nsites": 1,
            "pwm": [
              [0.14745, 0.563337, 0.266485, 0.0227273], 
              [0.351479, 0.19132, 0.434474, 0.0227273], 
              [0.171353, 0.0227273, 0.463286, 0.342634], 
              [0.149705, 0.152986, 0.501247, 0.196061], 
              [0.0227273, 0.273163, 0.460131, 0.243978], 
              [0.277554, 0.0227273, 0.0227273, 0.676991], 
              [0.118535, 0.485288, 0.373449, 0.0227273], 
              [0.466981, 0.238293, 0.0227273, 0.271999]
            ]
          }, {
            "db": 0,
            "id": "filter_122",
            "len": 8,
            "nsites": 1,
            "pwm": [
              [0.931818, 0.0227273, 0.0227273, 0.0227273], 
              [0.931818, 0.0227273, 0.0227273, 0.0227273], 
              [0.461071, 0.0227273, 0.0227273, 0.493474], 
              [0.931818, 0.0227273, 0.0227273, 0.0227273], 
              [0.931818, 0.0227273, 0.0227273, 0.0227273], 
              [0.931818, 0.0227273, 0.0227273, 0.0227273], 
              [0.931818, 0.0227273, 0.0227273, 0.0227273], 
              [0.0227273, 0.931818, 0.0227273, 0.0227273]
            ]
          }, {
            "db": 0,
            "id": "filter_123",
            "len": 8,
            "nsites": 1,
            "pwm": [
              [0.931818, 0.0227273, 0.0227273, 0.0227273], 
              [0.594806, 0.359739, 0.0227273, 0.0227273], 
              [0.0227273, 0.0227273, 0.345738, 0.608807], 
              [0.0227273, 0.390848, 0.246098, 0.340327], 
              [0.0227273, 0.0227273, 0.0227273, 0.931818], 
              [0.338105, 0.0227273, 0.146311, 0.492857], 
              [0.316418, 0.243328, 0.240934, 0.19932], 
              [0.0227273, 0.244768, 0.709778, 0.0227273]
            ]
          }, {
            "db": 0,
            "id": "filter_124",
            "len": 8,
            "nsites": 1,
            "pwm": [
              [0.931818, 0.0227273, 0.0227273, 0.0227273], 
              [0.931818, 0.0227273, 0.0227273, 0.0227273], 
              [0.0227273, 0.0227273, 0.931818, 0.0227273], 
              [0.931818, 0.0227273, 0.0227273, 0.0227273], 
              [0.0227273, 0.0227273, 0.931818, 0.0227273], 
              [0.931818, 0.0227273, 0.0227273, 0.0227273], 
              [0.614901, 0.0227273, 0.339645, 0.0227273], 
              [0.155565, 0.336419, 0.485289, 0.0227273]
            ]
          }, {
            "db": 0,
            "id": "filter_125",
            "len": 8,
            "nsites": 1,
            "pwm": [
              [0.0227273, 0.0227273, 0.931818, 0.0227273], 
              [0.0227273, 0.304259, 0.650287, 0.0227273], 
              [0.0227273, 0.0227273, 0.598866, 0.355679], 
              [0.0227273, 0.0227273, 0.931818, 0.0227273], 
              [0.0227273, 0.931818, 0.0227273, 0.0227273], 
              [0.0227273, 0.30678, 0.0227273, 0.647765], 
              [0.0227273, 0.448452, 0.506094, 0.0227273], 
              [0.453832, 0.250221, 0.27322, 0.0227273]
            ]
          }, {
            "db": 0,
            "id": "filter_126",
            "len": 8,
            "nsites": 1,
            "pwm": [
              [0.0227273, 0.174776, 0.0227273, 0.77977], 
              [0.0227273, 0.931818, 0.0227273, 0.0227273], 
              [0.25, 0.25, 0.25, 0.25], 
              [0.0227273, 0.0227273, 0.0227273, 0.931818], 
              [0.25, 0.25, 0.25, 0.25], 
              [0.0227273, 0.29623, 0.0227273, 0.658316], 
              [0.0227273, 0.931818, 0.0227273, 0.0227273], 
              [0.931818, 0.0227273, 0.0227273, 0.0227273]
            ]
          }, {
            "db": 0,
            "id": "filter_127",
            "len": 8,
            "nsites": 1,
            "pwm": [
              [0.0227273, 0.0227273, 0.0227273, 0.931818], 
              [0.0227273, 0.0227273, 0.632887, 0.321658], 
              [0.0227273, 0.0227273, 0.0227273, 0.931818], 
              [0.0227273, 0.0227273, 0.726319, 0.228226], 
              [0.0227273, 0.0227273, 0.931818, 0.0227273], 
              [0.0227273, 0.401528, 0.0227273, 0.553017], 
              [0.0227273, 0.0227273, 0.760881, 0.193664], 
              [0.0227273, 0.0227273, 0.0227273, 0.931818]
            ]
          }, {
            "db": 0,
            "id": "filter_13",
            "len": 8,
            "nsites": 1,
            "pwm": [
              [0.0227273, 0.733548, 0.220997, 0.0227273], 
              [0.0227273, 0.0227273, 0.325967, 0.628578], 
              [0.931818, 0.0227273, 0.0227273, 0.0227273], 
              [0.0227273, 0.0227273, 0.27783, 0.676715], 
              [0.0227273, 0.0227273, 0.0227273, 0.931818], 
              [0.461527, 0.0227273, 0.0227273, 0.493018], 
              [0.224396, 0.73015, 0.0227273, 0.0227273], 
              [0.0227273, 0.931818, 0.0227273, 0.0227273]
            ]
          }, {
            "db": 0,
            "id": "filter_14",
            "len": 8,
            "nsites": 1,
            "pwm": [
              [0.671355, 0.283191, 0.0227273, 0.0227273], 
              [0.577096, 0.37745, 0.0227273, 0.0227273], 
              [0.168613, 0.785932, 0.0227273, 0.0227273], 
              [0.0227273, 0.0227273, 0.0227273, 0.931818], 
              [0.25, 0.25, 0.25, 0.25], 
              [0.601909, 0.352637, 0.0227273, 0.0227273], 
              [0.302935, 0.367897, 0.0227273, 0.306441], 
              [0.931818, 0.0227273, 0.0227273, 0.0227273]
            ]
          }, {
            "db": 0,
            "id": "filter_15",
            "len": 8,
            "nsites": 1,
            "pwm": [
              [0.0227273, 0.931818, 0.0227273, 0.0227273], 
              [0.381898, 0.423984, 0.171391, 0.0227273], 
              [0.507131, 0.447414, 0.0227273, 0.0227273], 
              [0.25, 0.25, 0.25, 0.25], 
              [0.0227273, 0.501716, 0.452829, 0.0227273], 
              [0.0227273, 0.594452, 0.360094, 0.0227273], 
              [0.40824, 0.16785, 0.401183, 0.0227273], 
              [0.315967, 0.513595, 0.147711, 0.0227273]
            ]
          }, {
            "db": 0,
            "id": "filter_16",
            "len": 8,
            "nsites": 1,
            "pwm": [
              [0.0227273, 0.931818, 0.0227273, 0.0227273], 
              [0.25, 0.25, 0.25, 0.25], 
              [0.531378, 0.0227273, 0.423168, 0.0227273], 
              [0.0227273, 0.0227273, 0.931818, 0.0227273], 
              [0.0227273, 0.245868, 0.708678, 0.0227273], 
              [0.0227273, 0.40191, 0.0227273, 0.552635], 
              [0.0227273, 0.351541, 0.351857, 0.273875], 
              [0.0227273, 0.931818, 0.0227273, 0.0227273]
            ]
          }, {
            "db": 0,
            "id": "filter_17",
            "len": 8,
            "nsites": 1,
            "pwm": [
              [0.0227273, 0.931818, 0.0227273, 0.0227273], 
              [0.0227273, 0.931818, 0.0227273, 0.0227273], 
              [0.251264, 0.0227273, 0.43449, 0.291519], 
              [0.274151, 0.185871, 0.11919, 0.420788], 
              [0.0227273, 0.0227273, 0.0227273, 0.931818], 
              [0.0227273, 0.0227273, 0.931818, 0.0227273], 
              [0.499469, 0.187255, 0.176706, 0.13657], 
              [0.0227273, 0.0227273, 0.289703, 0.664843]
            ]
          }, {
            "db": 0,
            "id": "filter_18",
            "len": 8,
            "nsites": 1,
            "pwm": [
              [0.187585, 0.207082, 0.0227273, 0.582605], 
              [0.931818, 0.0227273, 0.0227273, 0.0227273], 
              [0.0227273, 0.185032, 0.0227273, 0.769513], 
              [0.179055, 0.77549, 0.0227273, 0.0227273], 
              [0.474488, 0.303264, 0.0227273, 0.199521], 
              [0.25, 0.25, 0.25, 0.25], 
              [0.152914, 0.0227273, 0.579355, 0.245004], 
              [0.931818, 0.0227273, 0.0227273, 0.0227273]
            ]
          }, {
            "db": 0,
            "id": "filter_19",
            "len": 8,
            "nsites": 1,
            "pwm": [
              [0.0227273, 0.166384, 0.461269, 0.349619], 
              [0.145287, 0.266605, 0.240634, 0.347474], 
              [0.0227273, 0.931818, 0.0227273, 0.0227273], 
              [0.0227273, 0.358753, 0.0227273, 0.595793], 
              [0.0227273, 0.316763, 0.373235, 0.287275], 
              [0.196252, 0.167787, 0.268777, 0.367184], 
              [0.316059, 0.170036, 0.31091, 0.202995], 
              [0.0227273, 0.0227273, 0.931818, 0.0227273]
            ]
          }, {
            "db": 0,
            "id": "filter_2",
            "len": 8,
            "nsites": 1,
            "pwm": [
              [0.0227273, 0.0227273, 0.0227273, 0.931818], 
              [0.0227273, 0.0227273, 0.0227273, 0.931818], 
              [0.0227273, 0.0227273, 0.0227273, 0.931818], 
              [0.25, 0.25, 0.25, 0.25], 
              [0.0227273, 0.0227273, 0.0227273, 0.931818], 
              [0.0227273, 0.0227273, 0.0227273, 0.931818], 
              [0.0227273, 0.0227273, 0.0227273, 0.931818], 
              [0.0227273, 0.0227273, 0.0227273, 0.931818]
            ]
          }, {
            "db": 0,
            "id": "filter_20",
            "len": 8,
            "nsites": 1,
            "pwm": [
              [0.931818, 0.0227273, 0.0227273, 0.0227273], 
              [0.323994, 0.156141, 0.275905, 0.24396], 
              [0.931818, 0.0227273, 0.0227273, 0.0227273], 
              [0.16502, 0.0227273, 0.0227273, 0.789526], 
              [0.0227273, 0.14741, 0.370812, 0.459051], 
              [0.0227273, 0.224314, 0.550795, 0.202163], 
              [0.389475, 0.224666, 0.266447, 0.119413], 
              [0.0227273, 0.529451, 0.425095, 0.0227273]
            ]
          }, {
            "db": 0,
            "id": "filter_21",
            "len": 8,
            "nsites": 1,
            "pwm": [
              [0.25, 0.25, 0.25, 0.25], 
              [0.0227273, 0.0227273, 0.931818, 0.0227273], 
              [0.0227273, 0.0227273, 0.931818, 0.0227273], 
              [0.0227273, 0.0227273, 0.931818, 0.0227273], 
              [0.0227273, 0.0227273, 0.931818, 0.0227273], 
              [0.0227273, 0.0227273, 0.931818, 0.0227273], 
              [0.0227273, 0.0227273, 0.931818, 0.0227273], 
              [0.0227273, 0.0227273, 0.931818, 0.0227273]
            ]
          }, {
            "db": 0,
            "id": "filter_22",
            "len": 8,
            "nsites": 1,
            "pwm": [
              [0.683296, 0.271249, 0.0227273, 0.0227273], 
              [0.0227273, 0.931818, 0.0227273, 0.0227273], 
              [0.0227273, 0.0227273, 0.0227273, 0.931818], 
              [0.0227273, 0.308802, 0.645743, 0.0227273], 
              [0.0227273, 0.0227273, 0.931818, 0.0227273], 
              [0.0227273, 0.0227273, 0.931818, 0.0227273], 
              [0.0227273, 0.239902, 0.0227273, 0.714643], 
              [0.0227273, 0.0227273, 0.931818, 0.0227273]
            ]
          }, {
            "db": 0,
            "id": "filter_23",
            "len": 8,
            "nsites": 1,
            "pwm": [
              [0.171407, 0.0227273, 0.0227273, 0.783139], 
              [0.0227273, 0.0227273, 0.0227273, 0.931818], 
              [0.25, 0.25, 0.25, 0.25], 
              [0.364638, 0.0227273, 0.589908, 0.0227273], 
              [0.0227273, 0.266643, 0.687902, 0.0227273], 
              [0.931818, 0.0227273, 0.0227273, 0.0227273], 
              [0.0227273, 0.0227273, 0.0227273, 0.931818], 
              [0.931818, 0.0227273, 0.0227273, 0.0227273]
            ]
          }, {
            "db": 0,
            "id": "filter_24",
            "len": 8,
            "nsites": 1,
            "pwm": [
              [0.315856, 0.0227273, 0.638689, 0.0227273], 
              [0.338443, 0.616102, 0.0227273, 0.0227273], 
              [0.0227273, 0.931818, 0.0227273, 0.0227273], 
              [0.215061, 0.0227273, 0.151168, 0.611043], 
              [0.318191, 0.0227273, 0.0227273, 0.636355], 
              [0.635659, 0.0227273, 0.0227273, 0.318887], 
              [0.227164, 0.11411, 0.364536, 0.29419], 
              [0.470095, 0.0227273, 0.259915, 0.247262]
            ]
          }, {
            "db": 0,
            "id": "filter_25",
            "len": 8,
            "nsites": 1,
            "pwm": [
              [0.592281, 0.1793, 0.205692, 0.0227273], 
              [0.197215, 0.0227273, 0.532849, 0.247208], 
              [0.312688, 0.185367, 0.127273, 0.374672], 
              [0.18157, 0.163271, 0.632432, 0.0227273], 
              [0.0227273, 0.931818, 0.0227273, 0.0227273], 
              [0.0227273, 0.428175, 0.276727, 0.272371], 
              [0.292122, 0.201338, 0.273605, 0.232935], 
              [0.931818, 0.0227273, 0.0227273, 0.0227273]
            ]
          }, {
            "db": 0,
            "id": "filter_26",
            "len": 8,
            "nsites": 1,
            "pwm": [
              [0.0227273, 0.0227273, 0.931818, 0.0227273], 
              [0.25, 0.25, 0.25, 0.25], 
              [0.0227273, 0.0227273, 0.931818, 0.0227273], 
              [0.0227273, 0.314063, 0.0227273, 0.640482], 
              [0.0227273, 0.408112, 0.317949, 0.251212], 
              [0.0227273, 0.523811, 0.0227273, 0.430734], 
              [0.0227273, 0.621303, 0.0227273, 0.333242], 
              [0.25, 0.25, 0.25, 0.25]
            ]
          }, {
            "db": 0,
            "id": "filter_27",
            "len": 8,
            "nsites": 1,
            "pwm": [
              [0.0227273, 0.0227273, 0.0227273, 0.931818], 
              [0.0227273, 0.0227273, 0.931818, 0.0227273], 
              [0.491116, 0.129911, 0.0227273, 0.356246], 
              [0.25, 0.25, 0.25, 0.25], 
              [0.0227273, 0.0227273, 0.0227273, 0.931818], 
              [0.0227273, 0.0227273, 0.0227273, 0.931818], 
              [0.0227273, 0.0227273, 0.0227273, 0.931818], 
              [0.0227273, 0.0227273, 0.0227273, 0.931818]
            ]
          }, {
            "db": 0,
            "id": "filter_28",
            "len": 8,
            "nsites": 1,
            "pwm": [
              [0.25, 0.25, 0.25, 0.25], [0.25, 0.25, 0.25, 0.25], 
              [0.25, 0.25, 0.25, 0.25], 
              [0.1887, 0.530151, 0.258421, 0.0227273], 
              [0.25, 0.25, 0.25, 0.25], 
              [0.174979, 0.205129, 0.597165, 0.0227273], 
              [0.931818, 0.0227273, 0.0227273, 0.0227273], 
              [0.0227273, 0.931818, 0.0227273, 0.0227273]
            ]
          }, {
            "db": 0,
            "id": "filter_29",
            "len": 8,
            "nsites": 1,
            "pwm": [
              [0.229485, 0.725061, 0.0227273, 0.0227273], 
              [0.0227273, 0.0227273, 0.931818, 0.0227273], 
              [0.75561, 0.0227273, 0.0227273, 0.198936], 
              [0.301081, 0.283175, 0.0853663, 0.330377], 
              [0.589879, 0.364666, 0.0227273, 0.0227273], 
              [0.0227273, 0.0227273, 0.0227273, 0.931818], 
              [0.243828, 0.443637, 0.289808, 0.0227273], 
              [0.0227273, 0.0227273, 0.0227273, 0.931818]
            ]
          }, {
            "db": 0,
            "id": "filter_3",
            "len": 8,
            "nsites": 1,
            "pwm": [
              [0.0227273, 0.0227273, 0.54744, 0.407106], 
              [0.278301, 0.0227273, 0.348825, 0.350146], 
              [0.0227273, 0.702786, 0.25176, 0.0227273], 
              [0.351187, 0.116362, 0.187469, 0.344982], 
              [0.931818, 0.0227273, 0.0227273, 0.0227273], 
              [0.21657, 0.599323, 0.161379, 0.0227273], 
              [0.355932, 0.301507, 0.179461, 0.163099], 
              [0.0227273, 0.0227273, 0.303822, 0.650724]
            ]
          }, {
            "db": 0,
            "id": "filter_30",
            "len": 8,
            "nsites": 1,
            "pwm": [
              [0.0227273, 0.931818, 0.0227273, 0.0227273], 
              [0.381443, 0.573102, 0.0227273, 0.0227273], 
              [0.0227273, 0.583029, 0.0227273, 0.371516], 
              [0.0227273, 0.931818, 0.0227273, 0.0227273], 
              [0.0227273, 0.931818, 0.0227273, 0.0227273], 
              [0.739429, 0.215117, 0.0227273, 0.0227273], 
              [0.181828, 0.170775, 0.322474, 0.324923], 
              [0.0227273, 0.0227273, 0.72011, 0.234436]
            ]
          }, {
            "db": 0,
            "id": "filter_31",
            "len": 8,
            "nsites": 1,
            "pwm": [
              [0.0227273, 0.0227273, 0.0227273, 0.931818], 
              [0.25, 0.25, 0.25, 0.25], 
              [0.0227273, 0.0227273, 0.0227273, 0.931818], 
              [0.0227273, 0.0227273, 0.0227273, 0.931818], 
              [0.0227273, 0.0227273, 0.0227273, 0.931818], 
              [0.61131, 0.0227273, 0.0227273, 0.343236], 
              [0.292022, 0.0227273, 0.255076, 0.430175], 
              [0.348753, 0.0227273, 0.605792, 0.0227273]
            ]
          }, {
            "db": 0,
            "id": "filter_32",
            "len": 8,
            "nsites": 1,
            "pwm": [
              [0.193447, 0.464075, 0.0227273, 0.319751], 
              [0.219021, 0.524798, 0.0227273, 0.233454], 
              [0.0227273, 0.191661, 0.50682, 0.278792], 
              [0.0227273, 0.526011, 0.230583, 0.220679], 
              [0.931818, 0.0227273, 0.0227273, 0.0227273], 
              [0.174091, 0.166906, 0.289179, 0.369824], 
              [0.293845, 0.318592, 0.231123, 0.15644], 
              [0.551484, 0.167002, 0.0227273, 0.258787]
            ]
          }, {
            "db": 0,
            "id": "filter_33",
            "len": 8,
            "nsites": 1,
            "pwm": [
              [0.600687, 0.0227273, 0.0227273, 0.353858], 
              [0.0227273, 0.307314, 0.647231, 0.0227273], 
              [0.432457, 0.171962, 0.0227273, 0.372854], 
              [0.193116, 0.503316, 0.280841, 0.0227273], 
              [0.0227273, 0.931818, 0.0227273, 0.0227273], 
              [0.0227273, 0.235809, 0.0227273, 0.718736], 
              [0.34525, 0.152922, 0.218176, 0.283652], 
              [0.212007, 0.0227273, 0.396978, 0.368289]
            ]
          }, {
            "db": 0,
            "id": "filter_34",
            "len": 8,
            "nsites": 1,
            "pwm": [
              [0.128878, 0.359521, 0.322948, 0.188654], 
              [0.258496, 0.132607, 0.0227273, 0.58617], 
              [0.0227273, 0.0227273, 0.619671, 0.334875], 
              [0.0227273, 0.0227273, 0.0227273, 0.931818], 
              [0.159801, 0.53037, 0.0227273, 0.287102], 
              [0.196051, 0.430575, 0.185495, 0.187878], 
              [0.25237, 0.224813, 0.257672, 0.265145], 
              [0.740205, 0.0227273, 0.0227273, 0.21434]
            ]
          }, {
            "db": 0,
            "id": "filter_35",
            "len": 8,
            "nsites": 1,
            "pwm": [
              [0.0227273, 0.0227273, 0.931818, 0.0227273], 
              [0.0227273, 0.0227273, 0.0227273, 0.931818], 
              [0.931818, 0.0227273, 0.0227273, 0.0227273], 
              [0.0227273, 0.931818, 0.0227273, 0.0227273], 
              [0.380783, 0.0227273, 0.0227273, 0.573762], 
              [0.0227273, 0.0227273, 0.195173, 0.759372], 
              [0.432896, 0.0227273, 0.218702, 0.325675], 
              [0.311867, 0.195347, 0.470059, 0.0227273]
            ]
          }, {
            "db": 0,
            "id": "filter_36",
            "len": 8,
            "nsites": 1,
            "pwm": [
              [0.750173, 0.0227273, 0.0227273, 0.204373], 
              [0.0227273, 0.142275, 0.350341, 0.484657], 
              [0.0227273, 0.24977, 0.0227273, 0.704776], 
              [0.361085, 0.123155, 0.139688, 0.376072], 
              [0.0227273, 0.642743, 0.0227273, 0.311803], 
              [0.589672, 0.0227273, 0.0227273, 0.364873], 
              [0.187794, 0.498178, 0.183622, 0.130406], 
              [0.199162, 0.232999, 0.190488, 0.377351]
            ]
          }, {
            "db": 0,
            "id": "filter_37",
            "len": 8,
            "nsites": 1,
            "pwm": [
              [0.0227273, 0.216461, 0.0227273, 0.738084], 
              [0.0227273, 0.656842, 0.297703, 0.0227273], 
              [0.0227273, 0.0227273, 0.931818, 0.0227273], 
              [0.213009, 0.240822, 0.0227273, 0.523442], 
              [0.786237, 0.168308, 0.0227273, 0.0227273], 
              [0.0227273, 0.622277, 0.332268, 0.0227273], 
              [0.327968, 0.34422, 0.144787, 0.183026], 
              [0.195165, 0.0227273, 0.459615, 0.322492]
            ]
          }, {
            "db": 0,
            "id": "filter_38",
            "len": 8,
            "nsites": 1,
            "pwm": [
